=== TRIG FUNCTIONS ===
SIN(0)= 0
SIN(1)= 0.841471
COS(0)= 1
COS(1)= 0.540302
TAN(0)= 0
TAN(1)= 1.55741
ATN(0)= 0
ATN(1)= 0.785398
LOG(1)= 0
LOG(10)= 2.30258
EXP(0)= 1
EXP(1)= 2.71828
=== END TRIG FUNCTIONS ===
=== TRIG FUNCTIONS ===
SIN(0)= 0
SIN(1)= 0.841471
COS(0)= 1
COS(1)= 0.540302
TAN(0)= 0
TAN(1)= 1.55741
ATN(0)= 0
ATN(1)= 0.785398
LOG(1)= 0
LOG(10)= 2.30258
EXP(0)= 1
EXP(1)= 2.71828
=== END TRIG FUNCTIONS ===